Name: mano
Type: mano
pos: 0.02239,0.26623,4.00201
rot: 0.79,0,0
sca: 1,1,1